
    0 1 2 3 4 5 6 7 8 9 a b c d e f 10  12  14  16  18  1a  1c  1e  
0   ###..###.###.###...###.###.###..###.###.###..#.#.#.#.#.#.#.#.#.#
1   ###..###.###.###...###.###.###..###.###.###.....................
2   ###..###.###.###...###.###.###..###.###.###..#.#.#.#.#.#.#.#.#.#
3   ...............................................................
4   ###..###.###.###...###.###.###..###.###.###..#.#.#.#.#.#.#.#.#.#
5   ###..###.###.###...###.###.###..###.###.###.....................
6   ###..###.###.###...###.###.###..###.###.###..#.#.#.#.#.#.#.#.#.#
7   ...............................................................
0   ###..###.###.###...###.###.###..###.###.###..#.#.#.#.#.#.#.#.#.#
1   ###..###.###.###...###.###.###..###.###.###.....................
2   ###..###.###.###...###.###.###..###.###.###..#.#.#.#.#.#.#.#.#.#

  
   1 x 4 =  4
            1
  12 x 1 = 12
            1
           12
            1
           12
            1
  10 x 2 = 20
          =64
 
	1 1 1 1 1 1 1 1 1 1
     1
	1 1 1 1 1 1 1 1 1 1
     1
	1 1 1 1 1 1 1 1 1 1
     1
	1 1 1 1 1 1 1 1 1 1
     1
	1 1 1 1 1 1 1 1 1 1
     1
	1 1 1 1 1 1 1 1 1 1
		

  3x3 1 3x3 1 3x3 1
   1	 1     1
  3x3 1 3x3 1 3x3 1
   1	 1     1
  3x3 1 3x3 1 3x3 1